image: atr_2fpath.pgm
resolution: 0.050000
origin: [-14.424719, -7.322813, 0.000000]
negate: 0
occupied_thresh: 0.65
free_thresh: 0.196

