image: dubai_dfl_1f.pgm
resolution: 0.050000
origin: [-16.207782, -16.745845, 0.000000]
negate: 0
occupied_thresh: 0.65
free_thresh: 0.196

